     20
      6     12
   1049   2098
  10000
   4482    274   4684   2097   3623   3764   6433   1465   5229   7863   2181   6010
      0      1      1
      0    0.8      1
      0    0.8      1
      0    0.9      1
      0    1.1      1
      0      1      1
      0      0      0     78     21     36
      0      0      0      0      0      0
      0     62      0     62      0      0
     43      0      0      0     73      0
     30     71    122     37    107     53
    193     87    131    164    116     11
    168     66    137    159     43     66
    182     19     51    131     60    174
    109     93    195    173     83     58
      8     40    163    134     17    196
    181      9    193    175    118    136
    190    165     77    186     44     66
    142    121      0    191     48    151
     75    166     49     51     58     91
    106    161     87    169     77     57
    137    147    183      1    131    115
     33     22     30    179    115    187
    190    112     85    129     71    121
    178     42    117     64      5     52
      3    159     44    175    160     68
      0     42     29     55     59     58
     42      0     42     21     46     64
     29     42      0     49     38     51
     55     21     49      0     24     57
     59     46     38     24      0     41
     58     64     51     57     41      0
      1      5      1
      0      0      0      0      0      1      0      0      1      0      0      0
      0      1      0      0      0      0      0      1      0      0      0      0
      0      0      0      0      0      0      0      0      0      0      1      1
      1      0      0      0      0      0      0      0      0      1      0      0
      0      0      0      0      1      0      1      0      0      0      0      0
      0      0      1      1      0      0      0      0      0      0      0      0





________________________________________________________
ILSSCS_numF_structureFP_sizeP_cv_ex = 3  4  2  2  4



* Data independent of cutting pattern *

T
F	P
capF	capC
W
w_p
vc_f	hc_f	vt_f
d_tf
st_fq
vc_j	st_j	vt_j
r_fp


