     20
      6     12
   1049   2098
  10000
   6389   1659   5586   2143   5219   4022   6285   5932   1413   3969   4934   3913
      0      1      1
      0      1      1
      0    1.1      1
      0    1.1      1
      0    1.2      1
      0    0.9      1
      0      0    111      0      0    124
     86      0      0      0      0    109
      0      0      0    107    124    100
      0      0    108    117     87      0
    105     91     95     91     93     82
    105    115     92    115    116    120
    117     80    116    105     79     94
     85     85     92     76    102    109
     76     77     76    110    103    116
    102    100     87     82    106     79
    106    105     79     95     98    100
     79     92     81     83    120     99
     83     98     78     96    110    111
     75     97    100     95    118     85
    100     77    120    104    120     84
     83    102    102    115     97    117
    105     85    112     80     80    108
    123     77    100     95    119     91
     96    108     76    107     89    122
    104    109     94    123     96    102
      0     42     63     52     22     41
     42      0     35     43     61     29
     63     35      0     22     29     46
     52     43     22      0     64     33
     22     61     29     64      0     39
     41     29     46     33     39      0
      1      8      1
      0      1      0      1      0      0      0      0      0      0      0      0
      0      0      1      0      0      0      0      0      1      0      0      0
      0      0      0      0      1      0      0      0      0      0      1      0
      1      0      0      0      0      0      1      0      0      0      0      0
      0      0      0      0      0      1      0      1      0      0      0      0
      0      0      0      0      0      0      0      0      0      1      0      1





________________________________________________________
ILSSCS_numF_structureFP_sizeP_cv_ex = 3  4  2  1  5



* Data independent of cutting pattern *

T
F	P
capF	capC
W
w_p
vc_f	hc_f	vt_f
d_tf
st_fq
vc_j	st_j	vt_j
r_fp


