     20
      6     12
   1049   2098
  10000
   1157   6512   1344   7084   6209   6362   4010   5623   1669   2758    721   3632
      0    1.1      1
      0    0.8      1
      0    1.1      1
      0    0.9      1
      0    1.2      1
      0    0.8      1
      0      0      0      0      0      0
      0      0    105      0      0     85
      0      0     85     87    104      0
     94      0     90    112     91      0
    100     83    113    106     85     78
    107    108     88    110     93     86
    105    108     75    103     76     75
    110    112     89    108     77    114
    120    105    124    122     88    122
     87     76    119    111     86     75
    101    122     85    106    106     84
    122    116     97    118    115    124
     88    108     86    113     85    122
    110     82    102    107     97    110
    105     97     94     87    100    102
     94     93     86     77     83    105
    103     79     89    124    115     76
    108     94     77     94    110     94
     97     91    108    110     95    116
    101     98    106     98    121    102
      0     33     32     36     34     51
     33      0     50     49     42     64
     32     50      0     22     32     25
     36     49     22      0     43     46
     34     42     32     43      0     53
     51     64     25     46     53      0
      1      6      1
      0      0      0      1      1      0      0      0      0      0      0      0
      0      0      0      0      0      1      0      0      0      0      1      0
      0      0      0      0      0      0      0      0      1      0      0      1
      0      1      0      0      0      0      1      0      0      0      0      0
      1      0      0      0      0      0      0      1      0      0      0      0
      0      0      1      0      0      0      0      0      0      1      0      0





________________________________________________________
ILSSCS_numF_structureFP_sizeP_cv_ex = 3  4  2  1  3



* Data independent of cutting pattern *

T
F	P
capF	capC
W
w_p
vc_f	hc_f	vt_f
d_tf
st_fq
vc_j	st_j	vt_j
r_fp


