     20
      4      8
   1049   2098
  10000
    147    607   6098    783   5302   2506   5270   7073
      0      1      1
      0    0.8      1
      0    0.8      1
      0    0.9      1
      0      0      0     78
      0      0      0      0
      0     62      0     62
     43      0      0      0
     30     71    122     37
    193     87    131    164
    168     66    137    159
    182     19     51    131
    109     93    195    173
      8     40    163    134
    181      9    193    175
    190    165     77    186
    142    121      0    191
     75    166     49     51
    106    161     87    169
    137    147    183      1
     33     22     30    179
    190    112     85    129
    178     42    117     64
      3    159     44    175
      0     37     50     39
     37      0     31     59
     50     31      0     57
     39     59     57      0
      1      9      1
      0      0      1      0      1      0      0      0
      0      0      0      1      0      1      0      0
      1      0      0      0      0      0      0      1
      0      1      0      0      0      0      1      0





________________________________________________________
ILSSCS_numF_structureFP_sizeP_cv_ex = 1  4  2  2  4



* Data independent of cutting pattern *

T
F	P
capF	capC
W
w_p
vc_f	hc_f	vt_f
d_tf
st_fq
vc_j	st_j	vt_j
r_fp


