     20
      4      8
   1049   2098
  10000
   6599   4787    140   5276   7222   2569   5226   3382
      0    0.8      1
      0    0.9      1
      0    0.8      1
      0    0.8      1
      0      0    180      0
     67      0    156      0
      0    100      0    158
      7      0     67      0
     74    156    199    124
     41    131    143      5
     33    169     31    112
    112     72     59      9
    113    199     44    170
      6     37    167    178
    180     91     51     21
    185    174     66    161
    146    125     93    172
    196    104    105     95
     60     50    156      9
    187     25     50     71
    177    180     61    116
    116     26    189      1
    110     53     89      9
    109     43    138    172
      0     45     23     40
     45      0     39     62
     23     39      0     42
     40     62     42      0
      1      1      1
      0      0      0      0      1      0      1      0
      1      0      0      1      0      0      0      0
      0      0      1      0      0      0      0      1
      0      1      0      0      0      1      0      0





________________________________________________________
ILSSCS_numF_structureFP_sizeP_cv_ex = 1  4  2  2  3



* Data independent of cutting pattern *

T
F	P
capF	capC
W
w_p
vc_f	hc_f	vt_f
d_tf
st_fq
vc_j	st_j	vt_j
r_fp


