     20
      4      8
   1049   2098
  10000
   6426   7102   1637   6810   7793   6911   2012   3192
      0      1      1
      0    1.2      1
      0    1.2      1
      0      1      1
      0      0     80     84
      0      0      0     79
      0    102    123      0
    123    102      0     94
    107     76    110    109
    112     86    110    118
    117     99     93     93
     95    104    110    124
    100    119    101     87
    115    111    121    104
    118     85     91    120
    107     77     97    124
     84    108     77    113
     81     82    108     92
    101    111    100     91
    117    104     95     90
     84     79    112     95
    105    105    114    110
    114    116     83     90
     95     85     82    121
      0     22     55     23
     22      0     53     45
     55     53      0     41
     23     45     41      0
      1      2      1
      0      1      0      0      0      0      1      0
      0      0      0      0      0      1      0      1
      1      0      1      0      0      0      0      0
      0      0      0      1      1      0      0      0





________________________________________________________
ILSSCS_numF_structureFP_sizeP_cv_ex = 1  4  2  1  2



* Data independent of cutting pattern *

T
F	P
capF	capC
W
w_p
vc_f	hc_f	vt_f
d_tf
st_fq
vc_j	st_j	vt_j
r_fp


