     20
      5     10
   1049   2098
  10000
   4347   4081   5428   2685    548   1986   2690   3880   6451   5883
      0    1.2      1
      0    0.9      1
      0    0.8      1
      0    0.9      1
      0    0.8      1
    151      0      0    198     46
      0      0    157      0    177
     70    106      0      0     67
     31      0      0     43      0
    112    101    115     76     55
     43     19    129    133    161
    126    110     57    116    120
    178    156    125     18     64
    181      5    169     84     92
    138    147    171     39     50
    168      3    153     16     42
    165    106     46     76      6
     50    165     51    166     54
    173     82    154     33     42
     42    158     88    196     18
     46      0    184     10    184
    189     95    101     40     80
    138     99    110    161     58
     30    121    195    165    144
    182     67    104    164    121
      0     60     37     51     63
     60      0     58     48     62
     37     58      0     23     23
     51     48     23      0     42
     63     62     23     42      0
      1      3      1
      0      0      1      0      0      1      0      0      0      0
      0      0      0      0      0      0      0      1      1      0
      1      0      0      0      0      0      0      0      0      1
      0      1      0      0      1      0      0      0      0      0
      0      0      0      1      0      0      1      0      0      0





________________________________________________________
ILSSCS_numF_structureFP_sizeP_cv_ex = 2  4  2  2  2



* Data independent of cutting pattern *

T
F	P
capF	capC
W
w_p
vc_f	hc_f	vt_f
d_tf
st_fq
vc_j	st_j	vt_j
r_fp


