     20
      5     10
   1049   2098
  10000
   1372   7356    920   3629   3204   1418   7299    564   6843   2571
      0    0.8      1
      0    0.9      1
      0    0.8      1
      0    0.8      1
      0    1.2      1
      0      0    180      0      0
     67      0    156      0     22
      0    100      0    158      0
      7      0     67      0      0
     74    156    199    124     89
     41    131    143      5     58
     33    169     31    112    136
    112     72     59      9    121
    113    199     44    170    130
      6     37    167    178     28
    180     91     51     21     70
    185    174     66    161     85
    146    125     93    172    149
    196    104    105     95    130
     60     50    156      9     81
    187     25     50     71    137
    177    180     61    116     90
    116     26    189      1     89
    110     53     89      9     86
    109     43    138    172      8
      0     42     61     23     62
     42      0     58     46     58
     61     58      0     33     47
     23     46     33      0     43
     62     58     47     43      0
      1      7      1
      1      0      0      0      0      0      1      0      0      0
      0      0      0      0      0      1      0      0      0      1
      0      0      0      1      1      0      0      0      0      0
      0      1      0      0      0      0      0      0      1      0
      0      0      1      0      0      0      0      1      0      0





________________________________________________________
ILSSCS_numF_structureFP_sizeP_cv_ex = 2  4  2  2  3



* Data independent of cutting pattern *

T
F	P
capF	capC
W
w_p
vc_f	hc_f	vt_f
d_tf
st_fq
vc_j	st_j	vt_j
r_fp


