     20
      5     10
   1049   2098
  10000
   7728   1127   3527   1326   2399   6490    363   6842   4317   6680
      0    1.1      1
      0      1      1
      0    0.8      1
      0      1      1
      0    0.9      1
      0      0      0      0      0
      0      0      1    197     70
    130      0      0      0      0
      0      0      0    197     36
     31     77    141     98    180
    104     51     20     64      0
     75     46      9     39    151
    125     23    199     87    186
    182     31    119    168     31
     24     97    113     93     58
    194    165    153    102     12
    168     31     23     63    165
    185    169     41     79     64
    133     94    116    130     44
     39     65     34     17      0
    195    145    133    142    183
    102     44     95    127     85
     57    110     89    162    119
     37    179     50    150    178
      6    162     36     99     15
      0     51     24     50     59
     51      0     23     33     48
     24     23      0     58     35
     50     33     58      0     41
     59     48     35     41      0
      1      6      1
      0      0      0      0      0      0      1      0      1      0
      1      0      0      0      0      0      0      1      0      0
      0      0      1      0      0      0      0      0      0      1
      0      0      0      0      1      1      0      0      0      0
      0      1      0      1      0      0      0      0      0      0





________________________________________________________
ILSSCS_numF_structureFP_sizeP_cv_ex = 2  4  2  2  5



* Data independent of cutting pattern *

T
F	P
capF	capC
W
w_p
vc_f	hc_f	vt_f
d_tf
st_fq
vc_j	st_j	vt_j
r_fp


